function x=sc_title_waveform();
x=[319
         464
         815
        1904
        4481
        7683
       10902
       12583
       11062
        7668
        4561
         720
       -2817
       -5043
       -5891
       -7043
       -6691
       -4930
       -4481
       -4002
       -2145
       -1696
       -2145
       -3440
       -4065
       -3153
       -2223
       -2913
       -3297
       -3056
       -3281
       -2640
       -1232
        -815
        -512
         366
        2353
        3425
        3633
        2705
        2048
        2481
        1839
         976
         447
        -559
       -1681
       -1824
        -110
        2368
        3409
        2928
        2032
         768
         863
         206
       -1071
       -1344
       -1809
       -2752
       -3073
       -3121
       -4049
       -4338];